0205
0772
0803
0227
0131
0433
0216
0438
0562
0103
0177
0826
0630
0187
0442
0127
0122
0095
0445
0223
0314
0042
0026
0825
0288
0597
0263
0484
0239
0076
0322
0198
0288
0657
0725
0209
0286
0221
0276
0135
0259
0292
0183
0255
0611
0036
0702
0776
0816
0187
0061
0191
0804
0712
0617
0319
0597
0299
0069
0470
0169
0498
0708
0005
0145
0010
0114
0587
0115
0070
0302
0445
0689
0690
0189
0672
0037
0737
0816
0814
0447
0348
0551
0754
0352
0642
0046
0573
0614
0507
0229
0309
0266
0393
0391
0575
0407
0603
0605
0210
0760
0727
0075
0595
0295
0749
0506
0686
0028
0516
0327
0337
0320
0227
0526
0673
0175
0626
0614
0761
0676
0443
0340
0512
0811
0632
0743
0805
0097
0001
0047
0835
0360
0341
0024
0217
0047
0434
0495
0486
0117
0745
0449
0104
0185
0699
0379
0587
0157
0540
0259
0513
0248
0184
0093
0478
0361
0376
0216
0136
0450
0040
0208
0018
0636
0669
0466
0606
0234
0223
0215
0183
0692
0561
0589
0420
0084
0385
0202
0737
0617
0452
0726
0338
0310
0719
0163
0286
0625
0274
0479
0034
0404
0741
0732
0283
0512
0686
0073
0797
0775
0194
0160
0804
0796
0827
0316
0752
0390
0660
0335
0778
0797
0524
0817
0265
0620
0831
0562
0764
0720
0233
0737
0108
0444
0542
0590
0466
0385
0768
0745
0732
0441
0212
0291
0591
0149
0220
0409
0057
0703
0436
0101
0196
0387
0494
0286
0118
0175
0149
0682
0722
0544
0602
0288
0329
0606
0433
0423
0055
0648
0083
0060
0180
0078
0451
0575
0023
0432
0597
0613
0561
0492
0158
0626
0659
0259
0586
0490
0830
0359
0139
0495
0119
0596
0410
0314
0376
0421
0691
0243
0078
0780
0200
0459
0305
0429
0474
0239
0715
0011
0383
0795
0731
0594
0003
0495
0807
0059
0609
0486
0537
0722
0283
0226
0202
0592
0075
0441
0249
0829
0479
0395
0076
0639
0225
0494
0248
0012
0598
0285
0392
0071
0545
0080
0427
0263
0593
0391
0038
0511
0096
0302
0764
0020
0660
0554
0575
0756
0619
0203
0708
0271
0483
0609
0626
0546
0221
0205
0228
0717
0420
0481
0519
0407
0329
0094
0446
0331
0400
0604
0492
0257
0421
0098
0768
0046
0594
0738
0179
0389
0055
0791
0147
0269
0755
0568
0639
0166
0015
0319
0697
0341
0027
0098
0081
0119
0074
0222
0375
0346
0767
0613
0134
0308
0017
0712
0770
0278
0299
0753
0803
0132
0478
0802
0356
0119
0630
0533
0234
0503
0293
0450
0598
0688
0393
0593
0095
0552
0227
0032
0361
0571
0452
0115
0121
0454
0602
0595
0659
0656
0390
0436
0650
0458
0827
0080
0152
0069
0016
0278
0258
0781
0285
0726
0483
0010
0459
0111
0223
0697
0506
0350
0288
0351
0697
0565
0805
0105
0058
0518
0089
0350
0590
0752
0387
0682
0145
0434
0302
0324
0288
0006
0819
0255
0103
0597
0647
0379
0373
0232
0201
0755
0154
0427
0271
0554
0449
0386
0357
0706
0208
0121
0170
0030
0777
0248
0565
0783
0238
0398
0383
0483
0706
0476
0264
0725
0496
0360
0571
0054
0241
0358
0107
0285
0051
0328
0061
0606
0486
0759
0653
0598
0471
0824
0822
0602
0038
0038
0668
0328
0485
0253
0386
0354
0369
0700
0361
0801
0357
0511
0457
0686
0223
0192
0164
0595
0132
0276
0029
0017
0795
0007
0287
0475
0100
0107
0327
0292
0362
0438
0490
0407
0727
0822
0566
0024
0666
0418
0033
0768
0105
0170
0738
0488
0390
0443
0649
0380
0415
0188
0683
0288
0603
0115
0485
0211
0406
0243
0219
0825
0484
0152
0171
0485
0485
0136
0461
0380
0484
0394
0748
0815
0492
0352
0145
0716
0219
0478
0826
0215
0436
0039
0829
0119
0302
0059
0337
0201
0251
0284
0218
0527
0458
0172
0396
0759
0771
0494
0657
0657
0761
0292
0344
0006
0060
0283
0176
0164
0423
0496
0004
0796
0315
0051
0148
0060
0517
0630
0274
0699
0216
0186
0270
0663
0636
0789
0058
0506
0566
0507
0479
0089
0232
0468
0065
0609
0822
0267
0443
0482
0478
0090
0763
0383
0007
0749
0347
0309
0164
0431
0457
0178
0595
0694
0029
0376
0394
0773
0448
0574
0165
0041
0591
0021
0478
0078
0273
0090
0267
0282
0638
0482
0442
0331
0487
0225
0535
0061
0653
0452
0784
0552
0066
0504
0730
0178
0699
0266
0642
0487
0445
0707
0582
0097
0444
0801
0168
0124
0416
0373
0115
0680
0744
0466
0327
0540
0299
0028
0400
0732
0428
0590
0070
0469
0590
0587
0766
0638
0510
0278
0482
0759
0826
0248
0803
0455
0533
0765
0474
0205
0474
0174
0315
0096
0692
0259
0488
0587
0807
0771
0379
0354
0652
0211
0754
0811
0320
0325
0011
0362
0184
0682
0410
0030
0525
0095
0798
0021
0255
0727
0449
0471
0139
0656
0669
0068
0769
0226
0589
0347
0131
0274
0734
0770
0353
0594
0111
0513
0184
0781
0155
0056
0087
0155
0676
0611
0280
0693
0512
0587
0256
0692
0185
0490
0411
0789
0643
0476
0574
0652
0470
0835
0420
0093
0590
0365
0274
0081
0437
0404
0632
0116
0166
0726
0486
0683
0621
0679
0566
0356
0404
0716
0399
0407
0570
0590
0287
0667
0761
0341
0823
0314
0460
0003
0257
0310
0451
0408
0735
0541
0676
0253
0733
0287
0095
0598
0777
0354
0707
0813
0104
0468
0596
0024
0253
0453
0287
0360
0015
0047
0409
0432
0568
0126
0078
0056
0507
0388
0375
0511
0748
0376
0646
0178
0798
0234
0246
0244
0056
0239
0280
0192
0487
0414
0733
0569
0068
0608
0331
0525
0374
0086
0051
0699
0684
0472
0803
0479
0067
0265
0491
0469
0381
0471
0213
0203
0498
0417
0776
0836
0001
0216
0498
0082
0116
0105
0362
0208
0819
0221
0101
0013
0043
0241
0269
0100
0437
0717
0392
0756
0396
0120
0744
0664
0347
0674
0373
0445
0653
0692
0174
0051
0023
0352
0800
0540
0021
0375
0756
0266
0529
0435
0257
0049
0080
0167
0094
0396
0165
0742
0775
0150
0091
0007
0370
0037
0415
0000
0754
0487
0222
0557
0045
0500
0537
0591
0679
0763
0013
0231
0481
0780
0218
0362
0416
0121
0608
0819
0387
0487
0661
0798
0305
0099
0504
0735
0090
0828
0364
0093
0110
0274
0691
0234
0604
0039
0796
0568
0785
0256
0483
0471
0656
0620
0194
0605
0597
0710
0159
0271
0455
0353
0571
0828
0447
0665
0481
0514
0120
0080
0501
0771
0669
0113
0654
0602
0038
0482
0345
0242
0545
0544
0377
0057
0696
0824
0260
0711
0608
0406
0494
0183
0163
0828
0696
0832
0788
0150
0598
0715
0244
0357
0553
0828
0485
0614
0018
0466
0154
0059
0397
0703
0079
0790
0352
0709
0044
0125
0799
0319
0126
0011
0714
0783
0129
0668
0157
0420
0502
0555
0751
0229
0671
0405
0477
0340
0450
0304
0232
0826
0197
0767
0250
0087
0241
0762
0516
0469
0241
0025
0242
0817
0409
0454
0049
0262
0146
0099
0421
0169
0186
0632
0136
0067
0777
0562
0116
0771
0701
0191
0604
0565
0506
0664
0345
0286
0090
0173
0628
0766
0159
0319
0419
0719
0000
0212
0663
0589
0575
0808
0077
0610
0258
0010
0161
0611
0045
0586
0517
0492
0185
0646
0366
0304
0043
0088
0748
0015
0610
0148
0118
0766
0785
0334
0058
0409
0412
0392
0198
0102
0392
0596
0622
0115
0092
0023
0389
0045
0480
0768
0477
0422
0620
0401
0619
0476
0036
0625
0243
0050
0380
0066
0388
0143
0671
0444
0609
0463
0044
0084
0484
0760
0797
0669
0427
0409
0527
0390
0286
0074
0368
0565
0107
0799
0138
0515
0613
0763
0756
0377
0657
0365
0018
0526
0072
0802
0693
0197
0191
0057
0018
0305
0384
0079
0265
0088
0101
0471
0677
0764
0172
0571
0491
0356
0175
0791
0419
0808
0125
0684
0790
0304
0446
0660
0420
0212
0715
0121
0011
0642
0385
0081
0564
0709
0751
0373
0569
0801
0463
0401
0486
0606
0487
0195
0266
0003
0294
0551
0056
0439
0236
0274
0170
0037
0412
0263
0182
0046
0426
0575
0603
0080
0688
0342
0000
0158
0677
0417
0679
0265
0060
0036
0407
0481
0251
0098
0337
0478
0650
0668
0103
0204
0147
0572
0499
0817
0731
0308
0586
0203
0682
0554
0703
0587
0081
0351
0649
0389
0270
0773
0835
0129
0221
0161
0309
0760
0418
0086
0334
0420
0488
0066
0743
0680
0368
0586
0389
0373
0065
0418
0054
0342
0753
0545
0776
0305
0686
0325
0517
0663
0525
0310
0316
0582
0021
0248
0228
0066
0001
0089
0031
0735
0211
0643
0327
0527
0211
0789
0267
0136
0405
0814
0541
0280
0340
0649
0519
0138
0322
0412
0395
0062
0383
0643
0569
0588
0702
0454
0157
0034
0169
0012
0134
0706
0665
0479
0246
0097
0346
0016
0089
0353
0209
0043
0475
0824
0373
0752
0798
0492
0487
0573
0562
0044
0590
0610
0263
0124
0381
0624
0246
0792
0171
0176
0485
0758
0090
0242
0586
0791
0515
0598
0183
0184
0369
0522
0586
0074
0455
0111
0461
0419
0773
0468
0756
0788
0054
0703
0056
0394
0072
0758
0451
0718
0122
0073
0383
0212
0739
0597
0181
0696
0202
0417
0755
0151
0752
0588
0114
0689
0196
0578
0832
0213
0427
0441
0069
0799
0622
0129
0751
0341
0751
0171
0233
0061
0742
0001
0614
0598
0621
0161
0381
0182
0153
0200
0075
0391
0739
0351
0643
0448
0291
0442
0689
0487
0038
0078
0648
0117
0286
0623
0032
0501
0113
0415
0420
0286
0605
0477
0400
0353
0624
0640
0485
0235
0816
0617
0062
0621
0571
0778
0328
0566
0350
0122
0642
0021
0315
0309
0574
0031
0159
0477
0572
0610
0540
0750
0736
0656
0458
0494
0135
0391
0352
0506
0496
0182
0047
0828
0032
0830
0784
0553
0590
0042
0364
0594
0010
0104
0745
0162
0316
0139
0342
0351
0175
0263
0365
0646
0287
0661
0431
0472
0149
0244
0457
0215
0249
0086
0538
0165
0030
0414
0832
0638
0569
0345
0831
0325
0502
0065
0463
0180
0086
0236
0209
0204
0541
0099
0617
0825
0605
0329
0385
0416
0831
0403
0012
0488
0177
0566
0836
0084
0490
0245
0186
0189
0789
0033
0706
0235
0127
0688
0247
0138
0063
0023
0378
0738
0300
0057
0228
0380
0757
0661
0016
0374
0285
0087
0316
0117
0569
0542
0228
0287
0593
0050
0024
0797
0595
0201
0757
0434
0268
0073
0650
0784
0025
0432
0714
0073
0368
0162
0775
0044
0086
0324
0447
0072
0370
0663
0437
0057
0384
0486
0559
0454
0143
0495
0498
0667
0582
0478
0386
0537
0762
0068
0813
0666
0772
0388
0679
0089
0054
0060
0167
0361
0089
0350
0628
0718
0574
0181
0384
0034
0769
0778
0021
0047
0105
0428
0353
0591
0120
0405
0229
0813
0578
0594
0304
0665
0094
0505
0789
0167
0238
0077
0405
0504
0737
0813
0705
0416
0448
0676
0420
0762
0155
0051
0374
0691
0538
0704
0510
0176
0723
0055
0334
0386
0769
0099
0008
0724
0246
0359
0150
0241
0696
0526
0483
0448
0765
0273
0488
0258
0096
0461
0792
0524
0166
0730
0202
0084
0404
0320
0487
0274
0626
0394
0344
0118
0145
0401
0772
0179
0538
0719
0494
0348
0388
0431
0175
0079
0413
0491
0588
0608
0541
0535
0391
0462
0680
0162
0233
0739
0377
0556
0413
0158
0435
0542
0219
0161
0799
0438
0037
0064
0628
0440
0091
0148
0521
0222
0665
0044
0063
0064
0378
0358
0524
0193
0590
0537
0023
0463
0564
0387
0094
0795
0434
0419
0593
0062
0684
0710
0382
0199
0344
0466
0422
0827
0279
0734
0729
0648
0717
0690
0374
0717
0063
0444
0575
0674
0025
0597
0664
0795
0680
0008
0015
0664
0416
0159
0245
0735
0730
0283
0747
0244
0044
0836
0008
0485
0707
0537
0231
0777
0179
0773
0827
0090
0700
0729
0623
0352
0410
0284
0086
0108
0314
0773
0096
0259
0733
0077
0769
0417
0264
0303
0747
0273
0147
0287
0375
0502
0450
0376
0144
0685
0381
0831
0690
0303
0648
0476
0572
0077
0697
0505
0747
0067
0400
0211
0495
0366
0603
0349
0287
0757
0716
0709
0420
0390
0464
0828
0487
0335
0071
0062
0004
0551
0546
0360
0135
0404
0759
0667
0282
0245
0496
0217
0104
0328
0338
0586
0335
0244
0205
0125
0390
0442
0149
0164
0349
0782
0325
0090
0785
0126
0356
0379
0399
0553
0770
0515
0408
0734
0090
0521
0385
0041
0174
0116
0192
0235
0800
0804
0050
0778
0125
0591
0396
0073
0097
0570
0738
0449
0501
0004
0394
0715
0735
0354
0529
0190
0401
0421
0441
0437
0263
0110
0741
0282
0054
0217
0798
0382
0571
0704
0092
0091
0623
0040
0554
0514
0766
0767
0397
0668
0767
0787
0683
0628
0154
0701
0587
0435
0018
0220
0337
0160
0194
0446
0805
0418
0630
0738
0707
0800
0816
0295
0499
0725
0242
0478
0181
0446
0475
0476
0179
0780
0388
0672
0620
0587
0671
0365
0688
0407
0288
0397
0411
0285
0124
0720
0491
0045
0366
0099
0761
0464
0353
0755
0652
0163
0380
0588
0747
0613
0069
0817
0597
0242
0098
0707
0260
0241
0352
0419
0568
0176
0378
0619
0114
0570
0409
0380
0081
0604
0700
0783
0712
0379
0520
0020
0397
0440
0055
0836
0649
0469
0191
0469
0276
0730
0553
0578
0565
0271
0274
0505
0567
0553
0348
0187
0659
0760
0757
0017
0477
0352
0493
0625
0529
0666
0110
0324
0587
0493
0267
0295
0069
0156
0288
0575
0145
0621
0064
0237
0782
0822
0411
0358
0274
0516
0006
0747
0476
0700
0071
0623
0410
0411
0189
0381
0800
0622
0358
0329
0303
0500
0098
0573
0067
0490
0098
0639
0434
0284
0537
0622
0552
0462
0369
0161
0484
0285
0295
0741
0715
0564
0519
0487
0653
0805
0292
0122
0028
0359
0693
0723
0285
0459
0368
0757
0013
0677
0433
0782
0063
0335
0132
0072
0741
0334
0763
0650
0282
0741
0596
0690
0013
0569
0101
0661
0564
0150
0358
0010
0291
0331
0424
0329
0132
0262
0466
0562
0677
0567
0068
0636
0660
0041
0376
0557
0671
0764
0050
0666
0638
0238
0611
0347
0283
0202
0739
0619
0505
0625
0634
0422
0493
0391
0195
0436
0067
0337
0220
0110
0693
0063
0047
0408
0077
0400
0587
0569
0226
0428
0345
0478
0791
0537
0520
0360
0554
0108
0683
0708
0410
0723
0570
0473
0651
0452
0191
0081
0586
0525
0533
0227
0624
0097
0220
0299
0226
0492
0594
0354
0282
0126
0544
0177
0172
0245
0042
0274
0477
0199
0299
0624
0269
0483
0710
0311
0440
0308
0754
0459
0483
0150
0815
0369
0510
0443
0597
0231
0062
0758
0218
0772
0587
0438
0322
0419
0799
0274
0382
0294
0512
0785
0144
0413
0742
0522
0636
0501
0233
0171
0667
0565
0099
0646
0132
0004
0294
0231
0287
0398
0349
0018
0274
0440
0216
0227
0098
0088
0036
0672
0397
0291
0632
0064
0749
0637
0561
0251
0160
0418
0263
0381
0639
0529
0711
0077
0691
0003
0590
0652
0458
0409
0394
0322
0357
0288
0237
0496
0100
0787
0825
0736
0183
0308
0285
0030
0801
0672
0366
0684
0148
0832
0451
0095
0175
0717
0111
0320
0761
0131
0784
0076
0777
0259
0218
0198
0182
0775
0755
0282
0334
0473
0718
0404
0174
0395
0095
0500
0484
0249
0447
0511
0362
0804
0000
0742
0768
0743
0364
0483
0051
0571
0173
0113
0721
0359
0115
0102
0485
0217
0659
0592
0270
0237
0689
0787
0193
0502
0396
0695
0593
0783
0562
0776
0125
0195
0035
0098
